============================================================
  PcsL Cross-Section Analysis Results
  Title: WTAirfoil
============================================================

Cross-Section Stiffness Matrix (Ks):
    1.967357e+08   -1.056364e+06    0.000000e+00    0.000000e+00    0.000000e+00   -1.228601e-05
   -1.056364e+06    3.239978e+07    0.000000e+00    0.000000e+00    0.000000e+00    1.735985e-06
    0.000000e+00    0.000000e+00    2.392965e+09   -3.698099e+07    4.634337e+08    0.000000e+00
    0.000000e+00    0.000000e+00   -3.698099e+07    1.738301e+08   -3.649590e+06    0.000000e+00
    0.000000e+00    0.000000e+00    4.634337e+08   -3.649590e+06    6.619625e+08    0.000000e+00
    1.862645e-09    9.313226e-10    0.000000e+00    0.000000e+00    0.000000e+00    2.986869e+07

Cross-Section Stiffness Matrix at Origin (Ks_origin):
    1.967357e+08   -1.056364e+06    0.000000e+00    0.000000e+00    0.000000e+00   -1.169873e+07
   -1.056364e+06    3.239978e+07    0.000000e+00    0.000000e+00    0.000000e+00    2.102655e+07
    0.000000e+00    0.000000e+00    2.392965e+09    9.699951e+07   -1.085165e+09    0.000000e+00
    0.000000e+00    0.000000e+00    9.699951e+07    1.771905e+08   -4.047514e+07    0.000000e+00
   -0.000000e+00   -0.000000e+00   -1.085165e+09   -4.047514e+07    1.064314e+09   -0.000000e+00
   -1.169873e+07    2.102655e+07    0.000000e+00    0.000000e+00    0.000000e+00    4.413095e+07

Cross-Section Mass Matrix (Ms):
    1.512552e+02    0.000000e+00    0.000000e+00    0.000000e+00    0.000000e+00   -6.228371e+00
    0.000000e+00    1.512552e+02    0.000000e+00    0.000000e+00    0.000000e+00    5.577678e+01
    0.000000e+00    0.000000e+00    1.512552e+02    6.228371e+00   -5.577678e+01    0.000000e+00
    0.000000e+00    0.000000e+00    6.228371e+00    9.674092e+00   -1.884167e+00    0.000000e+00
    0.000000e+00    0.000000e+00   -5.577678e+01   -1.884167e+00    7.672379e+01    0.000000e+00
   -6.228371e+00    5.577678e+01    0.000000e+00    0.000000e+00    0.000000e+00    8.639788e+01

--- Cross-Section Properties ---
  Elastic Center X    : 4.53481409e-01
  Elastic Center Y    : 4.05352876e-02
  Shear Center X      : 6.47146506e-01
  Shear Center Y      : 5.59893340e-02
  Mass per unit length: 1.51255162e+02
  Mass Center X       : 3.68759489e-01
  Mass Center Y       : 4.11779081e-02
  Ixx                 : 9.67409233e+00
  Iyy                 : 7.67237888e+01
  Ixy                 : 1.88416736e+00
  Area                : 1.98862676e-01
  Area Center X       : 2.00366574e-01
  Area Center Y       : 4.41174287e-02
  Principal Axis (ref): 2.60690965e+00 deg
  Principal Axis (EC) : -5.04373388e-01 deg

  (Stiffness matrix transformed to shear center)
