*******************************************************************************************
theta=0


F=
      1.98393353647	-2.11636264069e-016	                  0	                  0	                 -0	 4.49640324973e-015
-1.80411241502e-016	      1.98393353647	                  0	                  0	                 -0	 8.32667268469e-016
                  0	                  0	     0.208333333333	-3.17903280183e-016	-1.25769214284e-016	                 -0
                  0	                  0	-3.03283698013e-016	      249.966030543	 -2.6248510951e-015	                 -0
                  0	                  0	-1.07384597096e-016	-2.38403496211e-015	      249.966030543	                 -0
 4.88089213216e-015	 2.12340119483e-015	                  0	                  0	                  0	      1175.35482159

K=
     0.504049143592	 5.37694815356e-017	                  0	                  0	                  0	-1.92827575608e-018
 4.58362793418e-017	     0.504049143592	                  0	                  0	                  0	-3.57088102979e-019
                  0	                  0	                4.8	 6.10457245555e-018	  2.4150970724e-018	                 -0
                  0	                  0	 5.82383833235e-018	   0.00400054358517	 4.20090329383e-020	                 -0
                  0	                  0	 2.06206445308e-018	 3.81549275066e-020	   0.00400054358517	                 -0
-2.09316323376e-018	-9.10617401737e-019	                  0	                  0	                  0	  0.000850806906672

M=
                0.1	                  0	                  0	                  0	                  0	-1.35525271561e-020
                  0	                0.1	                  0	                  0	                  0	-5.42101086243e-020
                  0	                  0	                0.1	 1.35525271561e-020	 5.42101086243e-020	                  0
                 -0	                 -0	 1.35525271561e-020	 8.33333333328e-005	 3.81164826264e-021	                  0
                 -0	                 -0	 5.42101086243e-020	 3.81164826264e-021	 8.33333333328e-005	                  0
-1.35525271561e-020	-5.42101086243e-020	                 -0	                  0	                  0	  0.000166666666666

Shear center;
ShearX= -1.8066044022e-018 
ShearY= 4.15269673676e-018 

Elastic center:
ElasticX=-4.29596761058e-019 
ElasticY= 1.21329965257e-018 

Mass center:
MassX=-5.42101086243e-019 
MassY= 1.35525271561e-019 

Mass per unit length:
Mass=                0.1 

Orientation of principle axis:
Theta_p=                  0o 

Orientation of principle axis w.r.t. elastic center:
Theta_p=                  0o 

*******************************************************************************************
theta=22.5


F=
      1.66341906421	  1.5959455979e-016	    -0.357838795184	-7.77156117238e-016	 2.22044604925e-015	  1.0325074129e-014
 1.56125112838e-016	      2.14267230991	-6.40324350295e-017	 4.21884749358e-015	-3.44169137634e-015	-4.21884749358e-015
    -0.357838795184	-6.92850580834e-017	     0.368091630879	 5.21967689135e-016	 1.01993608484e-015	-1.93031318072e-015
 -1.2111382453e-015	 -8.8777891082e-016	 8.98439641153e-016	      441.571077492	-3.65259405874e-014	      214.467673326
 3.76805820182e-015	-2.00817601636e-015	 5.35007309183e-016	-6.13016912683e-014	      439.738416827	-2.91554528197e-014
 9.78884873288e-015	-1.22521972722e-015	-1.72356417743e-015	      214.467673326	-1.74052894219e-014	      1075.58788341

K=
     0.760139777043	-3.27230690932e-017	     0.738966820133	 3.72501488121e-018	-5.55227425382e-018	-6.71349830121e-018
 -3.3303768959e-017	     0.466706922647	 4.88112161092e-017	-5.92158089724e-018	 3.65276521105e-018	 3.01133274022e-018
     0.738966820133	 5.60355924834e-017	      3.43509846605	   -2.55639166e-018	-1.16988114751e-017	-4.19127052477e-019
 3.72721055506e-018	 7.53031590842e-019	-4.83799441559e-018	   0.00250747773235	 1.88488599238e-019	  -0.00049998045113
 -7.4125967773e-018	 2.13133447719e-018	-1.05114145085e-017	 3.16405080914e-019	   0.00227407922923	 -1.4474427244e-021
-6.47701860261e-018	 3.81482165761e-019	-2.56072383531e-019	  -0.00049998045113	-7.84412122132e-022	   0.00102941810813

M=
                0.1	                  0	                  0	                  0	                  0	-1.35525271561e-020
                  0	                0.1	                  0	                  0	                  0	-5.42101086243e-020
                  0	                  0	                0.1	 1.35525271561e-020	 5.42101086243e-020	                  0
                 -0	                 -0	 1.35525271561e-020	 8.33333333328e-005	 3.81164826264e-021	                  0
                 -0	                 -0	 5.42101086243e-020	 3.81164826264e-021	 8.33333333328e-005	                  0
-1.35525271561e-020	-5.42101086243e-020	                 -0	                  0	                  0	  0.000166666666666

Shear center;
ShearX= 1.13911633454e-018 
ShearY= 9.10092878872e-018 

Elastic center:
ElasticX=  1.2166490093e-018 
ElasticY=-2.03464331554e-018 

Mass center:
MassX=-5.42101086243e-019 
MassY= 1.35525271561e-019 

Mass per unit length:
Mass=                0.1 

Orientation of principle axis:
Theta_p=                  0o 

Orientation of principle axis w.r.t. elastic center:
Theta_p=                  0o 

*******************************************************************************************
theta=45


F=
      1.33864180126	 7.07767178199e-016	    -0.313536293978	 -4.4408920985e-016	-9.21485110439e-015	 5.10702591328e-015
 6.83481049535e-016	      2.23541534987	-2.58216299905e-016	  3.5527136788e-015	-1.82909243307e-014	-8.21565038223e-015
    -0.313536293978	-2.46076654542e-016	     0.657291666667	 4.43505514918e-015	 -2.4332327704e-015	 3.08670665135e-015
 4.13681797256e-015	 5.13559793542e-015	 2.66130831414e-015	      788.288628445	-9.48626575437e-014	      187.621207378
-1.17413855556e-014	-1.59382470459e-014	 4.29450449033e-016	-1.22002102869e-013	      784.967282356	-3.59908491633e-014
 3.91409091008e-015	-4.91079097922e-015	 5.30817308161e-015	      187.621207378	-1.08562009277e-013	      1027.72869354

K=
     0.840985536188	-2.22108930733e-016	     0.401160552731	-5.24590772352e-019	 1.11159709406e-017	-5.28814224263e-018
-2.10793704781e-016	     0.447344159133	 7.51874381959e-017	 -2.9975081743e-018	 1.04237951675e-017	 4.12328598138e-018
     0.401160552731	 6.15278500516e-017	       1.7127531811	-8.06173105999e-018	   1.001845823e-017	-5.66584575867e-018
-4.71719850238e-018	-3.57864295371e-018	-5.66456488721e-018	   0.00132619544361	 1.26785643672e-019	 -0.000242109023434
 1.23598232253e-017	 9.08303044353e-018	 5.06344428098e-018	 1.95020769698e-019	    0.0012739384462	 9.01025167846e-021
-4.41369112311e-018	 2.79085617736e-018	  -9.339990954e-018	 -0.000242109023434	 1.11423999924e-019	   0.00101721864327

M=
                0.1	                  0	                  0	                  0	                  0	-1.35525271561e-020
                  0	                0.1	                  0	                  0	                  0	-5.42101086243e-020
                  0	                  0	                0.1	 1.35525271561e-020	 5.42101086243e-020	                  0
                 -0	                 -0	 1.35525271561e-020	 8.33333333328e-005	 3.81164826264e-021	                  0
                 -0	                 -0	 5.42101086243e-020	 3.81164826264e-021	 8.33333333328e-005	                  0
-1.35525271561e-020	-5.42101086243e-020	                 -0	                  0	                  0	  0.000166666666666

Shear center;
ShearX= 4.77829509877e-018 
ShearY= 3.80848655357e-018 

Elastic center:
ElasticX=  5.4709343776e-019 
ElasticY=-3.37605823313e-018 

Mass center:
MassX=-5.42101086243e-019 
MassY= 1.35525271561e-019 

Mass per unit length:
Mass=                0.1 

Orientation of principle axis:
alpha_p=                  0o or                   0rad 

Orientation of principle axis w.r.t. elastic center:
alpha_p=                  0o or                   0rad 

*******************************************************************************************
theta=67.5


F=
      1.67000063576	-1.56125112838e-015	   -0.0847112330578	-1.18488552303e-013	 6.77236045021e-015	 8.48210390814e-014
 -1.5022705302e-015	      2.32783961514	-6.52966052335e-016	 1.40443212615e-014	-9.28424004343e-015	   8.881784197e-016
   -0.0847112330578	-6.47892732817e-016	     0.810033369121	-4.15434766091e-014	 3.75459879731e-015	 6.91582115825e-014
-1.17239428095e-013	 1.46058995158e-014	-4.14314950158e-014	      971.388149251	 5.29245815268e-013	      50.7015231199
 5.98399830187e-015	-8.69170248304e-015	 5.75943835696e-015	 5.54388690361e-013	      970.917443376	 7.42619986185e-013
 8.13545623149e-014	  5.1828311444e-015	 6.97103337702e-014	      50.7015231199	 6.92740744773e-013	      1175.66459962

K=
     0.601995585232	 4.21272358014e-016	    0.0629551698293	 7.87605105451e-017	-4.44250180794e-018	-5.05322996735e-017
  4.0615676852e-016	     0.429582860217	 3.88760607979e-016	  -6.207939787e-018	 4.10781618974e-018	-5.68140125187e-020
    0.0629551698293	  3.8765083779e-016	      1.24110073534	 6.49513837598e-017	-5.23854058368e-018	-8.03506070407e-017
 7.78860658173e-017	-6.37475867542e-018	 6.47476292353e-017	   0.00103177707961	-5.30672651677e-019	-4.44962529903e-005
-4.08369115902e-018	 3.84564767921e-018	-7.75016131459e-018	-5.55105627985e-019	    0.0010299536864	-6.26640873408e-019
-4.87491546814e-017	-1.61886770537e-018	-8.07390477193e-017	-4.44962529903e-005	-5.83997317183e-019	  0.000852501664273

M=
                0.1	                  0	                  0	                  0	                  0	-1.35525271561e-020
                  0	                0.1	                  0	                  0	                  0	-5.42101086243e-020
                  0	                  0	                0.1	 1.35525271561e-020	 5.42101086243e-020	                  0
                 -0	                 -0	 1.35525271561e-020	 8.33333333328e-005	 3.81164826264e-021	                  0
                 -0	                 -0	 5.42101086243e-020	 3.81164826264e-021	 8.33333333328e-005	                  0
-1.35525271561e-020	-5.42101086243e-020	                 -0	                  0	                  0	  0.000166666666666

Shear center;
ShearX=-4.40842664319e-018 
ShearY= 6.91987853861e-017 

Elastic center:
ElasticX= 5.93195476738e-018 
ElasticY= 4.26518431873e-017 

Mass center:
MassX=-5.42101086243e-019 
MassY= 1.35525271561e-019 

Mass per unit length:
Mass=                0.1 

Orientation of principle axis:
alpha_p=                  0o or                   0rad 

Orientation of principle axis w.r.t. elastic center:
alpha_p=                  0o or                   0rad 

*******************************************************************************************
theta=90


F=
      1.99870320214	 4.71844785466e-016	                  0	                 -0	                 -0	   8.881784197e-016
 4.51028103754e-016	      2.38028928727	                  0	                 -0	                 -0	 1.44328993201e-015
                  0	                  0	     0.833333333333	-2.29517813795e-015	 6.54338323042e-015	                 -0
                  0	                  0	-1.92542109695e-015	      999.252980375	  1.6517602336e-013	                 -0
                  0	                  0	 7.94324583161e-015	 1.52334900417e-013	      999.571990079	                 -0
 2.50669589689e-015	 8.28900010809e-016	                  0	                  0	                  0	      1292.50489473

K=
     0.500324409813	-9.91793161755e-017	                  0	                  0	                  0	-3.43810956118e-019
-9.48037581089e-017	      0.42011700231	                  0	                  0	                  0	-4.69128312142e-019
                  0	                  0	                1.2	 2.75627275538e-018	-7.85542207508e-018	                 -0
                  0	                  0	 2.31223259947e-018	   0.00100074757808	-1.65370285457e-019	                 -0
                  0	                  0	-9.53597649047e-018	-1.52514060181e-019	   0.00100042819319	                 -0
-9.70333768408e-019	-2.69426436352e-019	                  0	                  0	                  0	  0.000773691460724

M=
                0.1	                  0	                  0	                  0	                  0	-1.35525271561e-020
                  0	                0.1	                  0	                  0	                  0	-5.42101086243e-020
                  0	                  0	                0.1	 1.35525271561e-020	 5.42101086243e-020	                  0
                 -0	                 -0	 1.35525271561e-020	 8.33333333328e-005	 3.81164826264e-021	                  0
                 -0	                 -0	 5.42101086243e-020	 3.81164826264e-021	 8.33333333328e-005	                  0
-1.35525271561e-020	-5.42101086243e-020	                 -0	                  0	                  0	  0.000166666666666

Shear center;
ShearX=-6.41312860157e-019 
ShearY= 1.93940921006e-018 

Elastic center:
ElasticX= 7.94664707539e-018 
ElasticY= 1.92686049956e-018 

Mass center:
MassX=-5.42101086243e-019 
MassY= 1.35525271561e-019 

Mass per unit length:
Mass=                0.1 

Orientation of principle axis:
alpha_p=                  0o or                   0rad 

Orientation of principle axis w.r.t. elastic center:
alpha_p=                  0o or                   0rad 
