============================================================
  PcsL Cross-Section Analysis Results
  Title: BECAS_SECTION
============================================================

Cross-Section Stiffness Matrix (Ks):
    5.094775e+08    3.825826e+06    0.000000e+00    0.000000e+00    0.000000e+00   -8.439273e-05
    3.825826e+06    2.044490e+08    0.000000e+00    0.000000e+00    0.000000e+00    5.361438e-05
    0.000000e+00    0.000000e+00    6.654952e+09   -3.564791e+08    3.345964e+09    0.000000e+00
    0.000000e+00    0.000000e+00   -3.564791e+08    5.346352e+09   -2.038450e+08    0.000000e+00
    0.000000e+00    0.000000e+00    3.345964e+09   -2.038450e+08    1.631866e+10    0.000000e+00
    7.450581e-09    1.525041e-08    0.000000e+00    0.000000e+00    0.000000e+00    9.612606e+08

Cross-Section Stiffness Matrix at Origin (Ks_origin):
    5.094775e+08    3.825826e+06    0.000000e+00    0.000000e+00    0.000000e+00   -4.198075e+07
    3.825826e+06    2.044490e+08    0.000000e+00    0.000000e+00    0.000000e+00    2.512254e+08
    0.000000e+00    0.000000e+00    6.654952e+09    2.533799e+08   -4.843004e+09    0.000000e+00
    0.000000e+00    0.000000e+00    2.533799e+08    5.336904e+09   -2.090070e+08    0.000000e+00
    0.000000e+00    0.000000e+00   -4.843004e+09   -2.090070e+08    1.816078e+10    0.000000e+00
   -4.198075e+07    2.512254e+08    0.000000e+00    0.000000e+00    0.000000e+00    1.274242e+09

Cross-Section Mass Matrix (Ms):
    4.779257e+02    0.000000e+00    0.000000e+00    0.000000e+00    0.000000e+00   -2.205922e+01
    0.000000e+00    4.779257e+02    0.000000e+00    0.000000e+00    0.000000e+00    2.684491e+02
    0.000000e+00    0.000000e+00    4.779257e+02    2.205922e+01   -2.684491e+02    0.000000e+00
    0.000000e+00    0.000000e+00    2.205922e+01    3.091070e+02   -2.461590e+00    0.000000e+00
    0.000000e+00    0.000000e+00   -2.684491e+02   -2.461590e+00    1.323690e+03    0.000000e+00
   -2.205922e+01    2.684491e+02    0.000000e+00    0.000000e+00    0.000000e+00    1.632797e+03

--- Cross-Section Properties ---
  Elastic Center X    : 7.27729360e-01
  Elastic Center Y    : 3.80738855e-02
  Shear Center X      : 1.23050751e+00
  Shear Center Y      : 9.16398827e-02
  Mass per unit length: 4.77925674e+02
  Mass Center X       : 5.61696292e-01
  Mass Center Y       : 4.61561757e-02
  Ixx                 : 3.09107002e+02
  Iyy                 : 1.32368970e+03
  Ixy                 : 2.46158996e+00
  Area                : 1.02525143e+00
  Area Center X       : 1.16772684e-01
  Area Center Y       : 6.59117198e-02
  Principal Axis (ref): 9.33491909e-01 deg
  Principal Axis (EC) : 1.51499228e-01 deg

  (Stiffness matrix transformed to shear center)
