***********************************************************************************************************************
alpha=0.1
F=
      7.82422846764	 1.54737334057e-014	                  0	                 -0	                 -0	 4.26325641456e-014
  1.6320278462e-014	      7.33244181144	                  0	                 -0	                 -0	      104.126177966
                  0	                  0	       3.6492060712	-6.15943350293e-013	     -89.5167412587	                 -0
                  0	                  0	-6.15954118368e-013	      2180.48606931	  2.0322840052e-011	                 -0
                  0	                  0	     -89.5167412587	 2.03476541675e-011	      4376.37401709	                 -0
 8.78099549873e-014	      104.126177966	                  0	                  0	                  0	      5090.59841736

K=
     0.127808128832	-3.58709598403e-016	                  0	                  0	                  0	 6.26690000173e-018
-3.56804713392e-016	     0.192212251187	                 -0	                  0	                  0	  -0.00393162560339
                  0	                  0	               0.55	 5.03822220295e-017	            0.01125	                  0
                  0	                  0	   5.051296409e-017	  0.000458613340426	-1.09647155563e-018	                  0
                  0	                  0	            0.01125	-1.10174617053e-018	   0.00045861330209	                  0
  5.0936811196e-018	  -0.00393162560339	                  0	                  0	                  0	  0.000276860406523

M=
             0.0055	                  0	                  0	                  0	                  0	 1.07996700775e-020
                  0	             0.0055	                  0	                  0	                  0	         -0.0001125
                  0	                  0	             0.0055	-1.07996700775e-020	          0.0001125	                  0
                 -0	                 -0	-1.07996700775e-020	  4.5833333333e-006	-2.28301849065e-022	                  0
                 -0	                 -0	          0.0001125	-2.28301849065e-022	  4.5833333333e-006	                  0
 1.07996700775e-020	         -0.0001125	                 -0	                  0	                  0	 9.16666666661e-006

Shear center;
ShearX=   -0.0204546046317 
ShearY=  1.7249436665e-017 

Elastic center:
ElasticX=   -0.0204545454545 
ElasticY= 9.18417528908e-017 

Mass center:
MassX=   -0.0204545454545 
MassY=-1.96357637773e-018 

Mass per unit length:
Mass=             0.0055 

Orientation of principle axis:
Theta_p=                  0o 

Orientation of principle axis w.r.t. elastic center:
Theta_p=                  0o 

***********************************************************************************************************************
alpha=0.01
F=
      7.23303887757	-3.44169137634e-015	                  0	                  0	                  0	-6.75015598972e-014
 3.21964677141e-015	      10.3131372896	                  0	                 -0	                 -0	      189.953243579
                  0	                  0	      7.07595882333	-1.28532182035e-014	     -207.948218649	                 -0
                  0	                  0	-2.01260191448e-014	      2374.78686175	 6.06945818341e-013	                 -0
                  0	                  0	     -207.948218649	 4.79984284822e-013	      8485.96771052	                 -0
 1.26929707053e-013	      189.953243579	                  0	                  0	                  0	      7751.62443021

K=
     0.138254476013	 4.36769967102e-017	                 -0	                  0	                  0	 1.33624327146e-019
 -2.6691287117e-018	     0.176730255051	                 -0	                  0	                  0	  -0.00433076776199
                  0	                  0	              0.505	 2.32050158679e-019	           0.012375	                  0
                  0	                  0	 1.11702031407e-018	  0.000421090421253	-2.74531869704e-021	                  0
                  0	                  0	           0.012375	-1.81313873449e-020	  0.000421090360897	                  0
-2.19845409646e-018	  -0.00433076776199	                  0	                  0	                  0	  0.000235130507158

M=
            0.00505	                  0	                  0	                  0	                  0	 1.01114558078e-020
                  0	            0.00505	                  0	                  0	                  0	        -0.00012375
                  0	                  0	            0.00505	-1.01114558078e-020	         0.00012375	                  0
                 -0	                 -0	-1.01114558078e-020	 4.20833333331e-006	-2.07622333751e-022	                  0
                 -0	                 -0	         0.00012375	-2.07622333751e-022	 4.20833333331e-006	                  0
 1.01114558078e-020	        -0.00012375	                 -0	                  0	                  0	 8.41666666661e-006

Shear center;
ShearX=   -0.0245049596106 
ShearY= 1.63745945377e-017 

Elastic center:
ElasticX=    -0.024504950495 
ElasticY= 2.21192141399e-018 

Mass center:
MassX=    -0.024504950495 
MassY= -2.0022684768e-018 

Mass per unit length:
Mass=            0.00505 

Orientation of principle axis:
Theta_p=                  0o 

Orientation of principle axis w.r.t. elastic center:
Theta_p=                  0o 

***********************************************************************************************************************
alpha=0.001

F=
      5.95657248378	 5.55111512313e-015	                  0	                  0	                 -0	 1.10134124043e-013
  7.9936057773e-015	      10.8227915073	                  0	                  0	                 -0	      205.008800049
                  0	                  0	       7.8832207432	 1.52455402804e-015	     -235.880038596	                 -0
                  0	                  0	 3.21800572075e-015	       2396.1385989	-2.03584570796e-013	                 -0
                  0	                  0	     -235.880038596	 -3.6469696979e-013	      9454.09083623	                 -0
  1.3673986858e-013	      205.008800049	                  0	                  0	                  0	      8216.76880872

K=
     0.167881781465	-8.24513574036e-017	                  0	                  0	                  0	-1.93051446083e-019
-1.34766906115e-016	     0.175198497394	                 -0	                 -0	                  0	  -0.00437121142838
                  0	                  0	             0.5005	 1.58217647383e-018	          0.0124875	                  0
                  0	                  0	  3.8881326189e-019	   0.00041733812913	 1.86878774678e-020	                  0
                  0	                  0	          0.0124875	 5.55744394555e-020	  0.000417338065639	                  0
 5.68626072269e-019	  -0.00437121142838	                  0	                  0	                  0	  0.000230764288717

M=
           0.005005	                  0	                  0	                  0	                  0	 1.01842477018e-020
                  0	           0.005005	                  0	                  0	                  0	       -0.000124875
                  0	                  0	           0.005005	-1.01842477018e-020	        0.000124875	                  0
                 -0	                 -0	-1.01842477018e-020	 4.17083333331e-006	-2.08010074663e-022	                  0
                 -0	                 -0	        0.000124875	-2.08010074663e-022	 4.17083333331e-006	                  0
 1.01842477018e-020	       -0.000124875	                 -0	                  0	                  0	 8.34166666661e-006

Shear center;
ShearX=   -0.0249500509046 
ShearY= 1.66415621229e-017 

Elastic center:
ElasticX=   -0.0249500499501 
ElasticY= 7.76849674106e-019 

Mass center:
MassX=     -0.02495004995 
MassY=-2.03481472562e-018 

Mass per unit length:
Mass=           0.005005 

Orientation of principle axis:
Theta_p=                  0o 

Orientation of principle axis w.r.t. elastic center:
Theta_p=                  0o 


***********************************************************************************************************************
alpha=0.0001

F=
      5.78394452382	-6.66133814775e-015	                  0	                  0	                  0	-9.55679979597e-013
-7.43849426499e-015	      10.8774757913	                  0	                 -0	                 -0	      206.628482461
                  0	                  0	      7.97503456038	-1.65127880186e-013	     -239.057188272	                 -0
                  0	                  0	-1.68740070698e-013	      2398.29490874	  6.6077013177e-012	                 -0
                  0	                  0	     -239.057188272	 6.36936895047e-012	      9564.20017967	                 -0
-6.66027344079e-013	      206.628482461	                  0	                  0	                  0	      8266.79245989

K=
     0.172892391323	-5.21325074881e-016	                  0	                  0	                  0	  3.3017691859e-017
-2.78697427378e-016	     0.175045611445	                 -0	                  0	                  0	  -0.00437526516236
                  0	                  0	            0.50005	 1.23548038514e-018	         0.01249875	                  0
                  0	                  0	 7.46557690489e-019	  0.000416962899915	-2.69410538511e-019	                  0
                  0	                  0	         0.01249875	-2.46799527074e-019	  0.000416962836098	                  0
 2.08953941359e-017	  -0.00437526516236	                  0	                  0	                  0	  0.000230325656547

M=
          0.0050005	                  0	                  0	                  0	                  0	 1.01648089574e-020
                  0	          0.0050005	                  0	                  0	                  0	      -0.0001249875
                  0	                  0	          0.0050005	-1.01648089574e-020	       0.0001249875	                  0
                 -0	                 -0	-1.01648089574e-020	 4.16708333331e-006	-2.08365503832e-022	                  0
                 -0	                 -0	       0.0001249875	-2.08365503832e-022	 4.16708333331e-006	                  0
 1.01648089574e-020	      -0.0001249875	                 -0	                  0	                  0	 8.33416666661e-006

Shear center;
ShearX=   -0.0249950005958 
ShearY=-8.05665979048e-017 

Elastic center:
ElasticX=      -0.0249950005 
ElasticY= 1.49296608437e-018 

Mass center:
MassX=      -0.0249950005 
MassY=-2.03275851562e-018 

Mass per unit length:
Mass=          0.0050005 

Orientation of principle axis:
Theta_p=                  0o 

Orientation of principle axis w.r.t. elastic center:
Theta_p=                  0o 


***********************************************************************************************************************
alpha=0.00001


F=
      5.76613135776	-1.38777878078e-014	                  0	                  0	                  0	-3.19744231092e-014
-1.07691633389e-014	      10.8829842354	                  0	                  0	                 -0	      206.791679124
                  0	                  0	      7.98434221125	 1.53791124765e-013	      -239.37927598	                 -0
                  0	                  0	 1.59654299521e-013	       2398.5107532	-5.30005939169e-012	                 -0
                  0	                  0	      -239.37927598	-5.39402260938e-012	      9575.36254453	                 -0
-1.46320748329e-014	      206.791679124	                  0	                  0	                  0	      8271.83259678

K=
     0.173426503483	 3.96994802474e-016	                 -0	                 -0	                  0	-9.25429867091e-018
 3.15793192427e-016	     0.175030325969	                 -0	                 -0	                  0	  -0.00437567063663
                  0	                  0	           0.500005	-3.94900167151e-018	        0.012499875	                  0
                  0	                  0	-5.66095779454e-018	  0.000416925376994	 8.92512714569e-020	                  0
                  0	                  0	        0.012499875	 1.36140615345e-019	  0.000416925313143	                  0
 -7.5878971445e-018	  -0.00437567063663	                  0	                  0	                  0	  0.000230281773229

M=
         0.00500005	                  0	                  0	                  0	                  0	 1.01645116893e-020
                  0	         0.00500005	                  0	                  0	                  0	     -0.00012499875
                  0	                  0	         0.00500005	-1.01645116893e-020	      0.00012499875	                  0
                 -0	                 -0	-1.01645116893e-020	 4.16670833331e-006	-2.08443455912e-022	                  0
                 -0	                 -0	      0.00012499875	-2.08443455912e-022	 4.16670833331e-006	                  0
 1.01645116893e-020	     -0.00012499875	                 -0	                  0	                  0	 8.33341666661e-006

Shear center;
ShearX=   -0.0249995000146 
ShearY= -1.7689036452e-018 

Elastic center:
ElasticX=    -0.024999500005 
ElasticY=-1.13218023711e-017 

Mass center:
MassX=    -0.024999500005 
MassY=-2.03288200904e-018 

Mass per unit length:
Mass=         0.00500005 

Orientation of principle axis:
Theta_p=                  0o 

Orientation of principle axis w.r.t. elastic center:
Theta_p=                  0o 


***********************************************************************************************************************
alpha=0.000001


F=
      5.76434441763	 8.43769498715e-015	                  0	                  0	                 -0	 2.62900812231e-013
 6.66133814775e-015	       10.883535483	                  0	                  0	                 -0	      206.808011168
                  0	                  0	      7.98527425657	 1.09911609383e-014	     -239.411529085	                 -0
                  0	                  0	 8.58796157583e-015	      2398.53233978	 -4.1518889045e-013	                 -0
                  0	                  0	     -239.411529085	-5.12217288199e-013	      9576.48031635	                 -0
 2.17450794463e-013	      206.808011168	                  0	                  0	                  0	      8272.33699108

K=
     0.173480265499	-5.66346419615e-017	                  0	                  0	                  0	 -4.0974642444e-018
 -3.7198355331e-017	     0.175028797453	                 -0	                 -0	                  0	  -0.00437571118507
                  0	                  0	          0.5000005	 3.78199501421e-019	       0.0124999875	                  0
                  0	                  0	 3.73507934004e-019	  0.000416921624702	 2.74133422403e-020	                  0
                  0	                  0	       0.0124999875	 3.17548592891e-020	  0.000416921560848	                  0
-3.63023214651e-018	  -0.00437571118507	                  0	                  0	                  0	  0.000230277384696

M=
        0.005000005	                  0	                  0	                  0	                  0	 1.01643969826e-020
                  0	        0.005000005	                  0	                  0	                  0	    -0.000124999875
                  0	                  0	        0.005000005	-1.01643969826e-020	     0.000124999875	                  0
                 -0	                 -0	-1.01643969826e-020	 4.16667083331e-006	-2.08449160954e-022	                  0
                 -0	                 -0	     0.000124999875	-2.08449160954e-022	 4.16667083331e-006	                  0
 1.01643969826e-020	    -0.000124999875	                 -0	                  0	                  0	 8.33334166661e-006

Shear center;
ShearX=    -0.024999950001 
ShearY= 2.62865009849e-017 

Elastic center:
ElasticX=        -0.02499995 
ElasticY= 7.47015120992e-019 

Mass center:
MassX=   -0.0249999500001 
MassY=-2.03287736365e-018 

Mass per unit length:
Mass=        0.005000005 

Orientation of principle axis:
Theta_p=                  0o 

Orientation of principle axis w.r.t. elastic center:
Theta_p=                  0o 
