============================================================
  PcsL Cross-Section Analysis Results
  Title: W3
============================================================

Cross-Section Stiffness Matrix (Ks):
    1.187814e+06   -7.227249e+03   -6.834010e+04   -1.693207e+03   -2.484345e+04    1.204211e+01
   -7.227249e+03    5.227681e+05    2.105494e+03    2.777411e+04    6.782958e+01    4.013654e+02
   -6.834010e+04    2.105494e+03    1.058799e+07    2.715200e+04    7.345868e+04    1.959282e+03
   -1.693207e+03    2.777411e+04    2.715200e+04    1.939659e+06   -6.163166e+03    2.803165e+04
   -2.484345e+04    6.782958e+01    7.345868e+04   -6.163166e+03    5.512959e+06   -1.062219e+04
    1.204211e+01    4.013654e+02    1.959282e+03    2.803165e+04   -1.062219e+04    9.158822e+05

Cross-Section Stiffness Matrix at Origin (Ks_origin):
    1.187814e+06   -7.227249e+03   -6.834010e+04   -1.405709e+03   -2.446883e+04    4.969402e+03
   -7.227249e+03    5.227681e+05    2.105494e+03    2.776525e+04    5.628790e+01    3.236618e+03
   -6.834010e+04    2.105494e+03    1.058799e+07   -1.739032e+04    1.541851e+04    1.683326e+03
   -1.405709e+03    2.776525e+04   -1.739032e+04    1.939618e+06   -6.376869e+03    2.816969e+04
   -2.446883e+04    5.628790e+01    1.541851e+04   -6.376869e+03    5.512471e+06   -1.073556e+04
    4.969402e+03    3.236618e+03    1.683326e+03    2.816969e+04   -1.073556e+04    9.159231e+05

Cross-Section Mass Matrix (Ms):
    1.302655e+00    0.000000e+00    0.000000e+00    0.000000e+00    0.000000e+00   -1.188286e-16
    0.000000e+00    1.302655e+00    0.000000e+00    0.000000e+00    0.000000e+00    1.851817e-16
    0.000000e+00    0.000000e+00    1.302655e+00    1.188286e-16   -1.851817e-16    0.000000e+00
    0.000000e+00    0.000000e+00    1.188286e-16    1.733923e-01   -8.673617e-18    0.000000e+00
    0.000000e+00    0.000000e+00   -1.851817e-16   -8.673617e-18    1.073381e+00    0.000000e+00
   -1.188286e-16    1.851817e-16    0.000000e+00    0.000000e+00    0.000000e+00    1.246773e+00

--- Cross-Section Properties ---
  Elastic Center X    : -1.32593346e-03
  Elastic Center Y    : -1.66484431e-03
  Shear Center X      : 5.48169664e-03
  Shear Center Y      : -4.20686994e-03
  Mass per unit length: 1.30265491e+00
  Mass Center X       : 1.42157167e-16
  Mass Center Y       : 9.12202899e-17
  Ixx                 : 1.73392336e-01
  Iyy                 : 1.07338062e+00
  Ixy                 : 8.67361738e-18
  Area                : 1.30265491e+00
  Area Center X       : 1.42157167e-16
  Area Center Y       : 9.12202899e-17
  Principal Axis (ref): 1.02261715e-01 deg
  Principal Axis (EC) : 1.01854936e-01 deg

  (Stiffness matrix transformed to shear center)
