============================================================
  PcsL Cross-Section Analysis Results
  Title: W2
============================================================

Cross-Section Stiffness Matrix (Ks):
    6.185097e+09    5.417441e+07    0.000000e+00    0.000000e+00    0.000000e+00    9.536743e-07
    5.417441e+07    6.221036e+09    0.000000e+00    0.000000e+00    0.000000e+00   -2.384186e-06
    0.000000e+00    0.000000e+00    3.169905e+10    3.062569e+09   -3.528302e+09    0.000000e+00
    0.000000e+00    0.000000e+00    3.062569e+09    5.232637e+09    1.153461e+09    0.000000e+00
    0.000000e+00    0.000000e+00   -3.528302e+09    1.153461e+09    2.998945e+09    0.000000e+00
    2.384186e-07   -2.980232e-08    0.000000e+00    0.000000e+00    0.000000e+00    1.101934e+09

Cross-Section Stiffness Matrix at Origin (Ks_origin):
    6.185097e+09    5.417441e+07    0.000000e+00    0.000000e+00    0.000000e+00   -1.883838e+09
    5.417441e+07    6.221036e+09    0.000000e+00    0.000000e+00    0.000000e+00    9.675988e+08
    0.000000e+00    0.000000e+00    3.169905e+10    1.276129e+10   -8.543125e+09    0.000000e+00
    0.000000e+00    0.000000e+00    1.276129e+10    1.007415e+10   -1.944917e+09    0.000000e+00
   -0.000000e+00   -0.000000e+00   -8.543125e+09   -1.944917e+09    4.908657e+09   -0.000000e+00
   -1.883838e+09    9.675988e+08   -0.000000e+00   -0.000000e+00   -0.000000e+00    1.831393e+09

Cross-Section Mass Matrix (Ms):
    1.526089e+02    0.000000e+00    0.000000e+00    0.000000e+00    0.000000e+00   -6.123594e+01
    0.000000e+00    1.526089e+02    0.000000e+00    0.000000e+00    0.000000e+00    4.176868e+01
    0.000000e+00    0.000000e+00    1.526089e+02    6.123594e+01   -4.176868e+01    0.000000e+00
    0.000000e+00    0.000000e+00    6.123594e+01    4.800060e+01   -9.582943e+00    0.000000e+00
    0.000000e+00    0.000000e+00   -4.176868e+01   -9.582943e+00    2.411324e+01    0.000000e+00
   -6.123594e+01    4.176868e+01    0.000000e+00    0.000000e+00    0.000000e+00    7.211383e+01

--- Cross-Section Properties ---
  Elastic Center X    : 2.69507255e-01
  Elastic Center Y    : 4.02576506e-01
  Shear Center X      : 1.58201015e-01
  Shear Center Y      : 3.05962603e-01
  Mass per unit length: 1.52608932e+02
  Mass Center X       : 2.73697479e-01
  Mass Center Y       : 4.01260504e-01
  Ixx                 : 4.80005961e+01
  Iyy                 : 2.41132372e+01
  Ixy                 : 9.58294323e+00
  Area                : 1.42800000e-01
  Area Center X       : 2.73697479e-01
  Area Center Y       : 4.01260504e-01
  Principal Axis (ref): 7.15093487e+01 deg
  Principal Axis (EC) : -6.39732415e+01 deg

  (Stiffness matrix transformed to shear center)
