============================================================
  PcsL Cross-Section Analysis Results
  Title: S4
============================================================

Cross-Section Stiffness Matrix (Ks):
    5.545733e+07    3.238301e+06    1.519116e+07    6.373315e+05    3.056374e+04   -3.710360e+04
    3.238301e+06    3.884823e+07    2.738691e+06    1.223532e+05    2.518869e+04   -7.109317e+03
    1.519116e+07    2.738691e+06    4.314136e+08    5.080812e+06   -3.935187e+06   -4.676787e+05
    6.373315e+05    1.223532e+05    5.080812e+06    3.816000e+05    3.960027e+04   -1.982782e+04
    3.056374e+04    2.518869e+04   -3.935187e+06    3.960027e+04    3.171590e+05   -8.511375e+02
   -3.710360e+04   -7.109317e+03   -4.676787e+05   -1.982782e+04   -8.511375e+02    5.772454e+04

Cross-Section Stiffness Matrix at Origin (Ks_origin):
    5.545733e+07    3.238301e+06    1.519116e+07    3.358943e+05    3.695143e+05    9.910783e+05
    3.238301e+06    3.884823e+07    2.738691e+06    6.800949e+04    8.629533e+04   -8.096474e+05
    1.519116e+07    2.738691e+06    4.314136e+08   -3.479699e+06    5.690666e+06   -2.273482e+05
    3.358943e+05    6.800949e+04   -3.479699e+06    3.498293e+05    4.004564e+04   -5.400022e+03
    3.695143e+05    8.629533e+04    5.690666e+06    4.004564e+04    3.563279e+05   -5.879355e+03
    9.910783e+05   -8.096474e+05   -2.273482e+05   -5.400022e+03   -5.879355e+03    9.487796e+04

Cross-Section Mass Matrix (Ms):
    1.515250e+01    0.000000e+00    0.000000e+00    0.000000e+00    0.000000e+00    2.211875e-01
    0.000000e+00    1.515250e+01    0.000000e+00    0.000000e+00    0.000000e+00   -1.286875e-01
    0.000000e+00    0.000000e+00    1.515250e+01   -2.211875e-01    1.286875e-01    0.000000e+00
    0.000000e+00    0.000000e+00   -2.211875e-01    1.262708e-02    7.171875e-04    0.000000e+00
    0.000000e+00    0.000000e+00    1.286875e-01    7.171875e-04    1.262708e-02    0.000000e+00
    2.211875e-01   -1.286875e-01    0.000000e+00    0.000000e+00    0.000000e+00    2.525417e-02

--- Cross-Section Properties ---
  Elastic Center X    : -1.29832636e-02
  Elastic Center Y    : -8.63151724e-03
  Shear Center X      : -2.23123536e-02
  Shear Center Y      : -1.98429322e-02
  Mass per unit length: 1.51525000e+01
  Mass Center X       : -8.49282297e-03
  Mass Center Y       : -1.45974262e-02
  Ixx                 : 1.26270833e-02
  Iyy                 : 1.26270833e-02
  Ixy                 : -7.17187500e-04
  Area                : 1.00000000e-02
  Area Center X       : 1.94817578e-18
  Area Center Y       : -3.21872520e-18
  Principal Axis (ref): -4.26805859e+01 deg
  Principal Axis (EC) : -5.16438762e+01 deg

  (Stiffness matrix transformed to shear center)
