============================================================
  PcsL Cross-Section Analysis Results
  Title: Detailed WT Section
============================================================

Cross-Section Stiffness Matrix (Ks):
    1.015737e+09   -8.824583e+07    3.336058e+08    2.804174e+08   -1.572253e+08   -3.116423e+07
   -8.824583e+07    2.982140e+08   -5.948444e+07   -2.520022e+07    9.697631e+06    4.496777e+06
    3.336058e+08   -5.948444e+07    7.397402e+09   -1.804836e+09    1.787218e+09   -3.590423e+08
    2.804174e+08   -2.520022e+07   -1.804836e+09    4.622197e+09    6.745598e+08   -2.141107e+07
   -1.572253e+08    9.697631e+06    1.787218e+09    6.745598e+08    1.497639e+10    1.207497e+08
   -3.116423e+07    4.496777e+06   -3.590423e+08   -2.141107e+07    1.207497e+08    1.544545e+09

Cross-Section Stiffness Matrix at Origin (Ks_origin):
    1.015737e+09   -8.824583e+07    3.336058e+08    3.924309e+08   -1.484641e+08   -3.698967e+08
   -8.824583e+07    2.982140e+08   -5.948444e+07   -4.517307e+07    8.135439e+06    2.629497e+07
    3.336058e+08   -5.948444e+07    7.397402e+09    6.789595e+08    1.981490e+09   -4.694935e+08
    3.924309e+08   -4.517307e+07    6.789595e+08    4.244166e+09    1.292478e+09   -2.725438e+08
   -1.484641e+08    8.135439e+06    1.981490e+09    1.292478e+09    1.507536e+10    1.609560e+08
   -3.698967e+08    2.629497e+07   -4.694935e+08   -2.725438e+08    1.609560e+08    1.678399e+09

Cross-Section Mass Matrix (Ms):
    6.848767e+02    0.000000e+00    0.000000e+00    0.000000e+00    0.000000e+00   -4.725695e+01
    0.000000e+00    6.848767e+02    0.000000e+00    0.000000e+00    0.000000e+00   -3.353531e+02
    0.000000e+00    0.000000e+00    6.848767e+02    4.725695e+01    3.353531e+02    0.000000e+00
    0.000000e+00    0.000000e+00    4.725695e+01    3.506690e+02    1.868883e+02    0.000000e+00
    0.000000e+00    0.000000e+00    3.353531e+02    1.868883e+02    1.878041e+03    0.000000e+00
   -4.725695e+01   -3.353531e+02    0.000000e+00    0.000000e+00    0.000000e+00    2.228710e+03

--- Cross-Section Properties ---
  Elastic Center X    : -2.85026413e-01
  Elastic Center Y    : 7.21047493e-02
  Shear Center X      : -2.62621900e-02
  Shear Center Y      : 3.35765947e-01
  Mass per unit length: 6.84876682e+02
  Mass Center X       : -4.89654792e-01
  Mass Center Y       : 6.90006660e-02
  Ixx                 : 3.50669025e+02
  Iyy                 : 1.87804064e+03
  Ixy                 : -1.86888302e+02
  Area                : 1.11557973e+00
  Area Center X       : -7.12040080e-01
  Area Center Y       : 1.08086713e-01
  Principal Axis (ref): -6.71151397e+00 deg
  Principal Axis (EC) : -6.03622510e+00 deg

  (Stiffness matrix transformed to shear center)
